10000
10272
201
11954
12736
9450
11867
8552
12692
1073
12530
6581
11404
14488
10671
1861
7933
11743
2229
4487
12409
12412
4989
1372
3528
13581
1774
13070
3997
2529
4152
2763
1395
3952
2299
1460
9559
1417
7643
3985
14583
9091
6807
4200
6867
4149
7378
3926
8043
3313
1625
5892
4394
1326
3335
5629
14962
6086
9950
12000
10967
4120
10102
9769
1968
5503
9883
11597
1443
9490
9626
1142
9112
11396
99
13683
1162
2263
8182
6403
14961
10317
1527
14195
9275
776
1692
7063
8156
2371
13521
3822
1395
5536
13209
9337
5616
10547
8736
1596
12275
12430
5263
2030
10678
4591
6872
10902
13254
12975
538
3422
9494
2988
3895
2869
12596
6249
11876
9576
12360
8956
6208
1728
5058
12873
11681
11106
6611
8925
10300
10866
9791
6294
6275
217
10074
6721
8404
9674
5961
8795
103
5135
14378
5772
9112
7793
10446
2137
12742
3096
445
4881
7387
14624
7811
7291
1926
13508
11154
11926
13365
8991
8968
3272
886
2529
7251
51
8864
5686
3178
69
4573
4950
9813
4567
2147
13952
14992
7896
11348
11344
4979
8402
6018
9979
3286
7782
1855
7696
10140
10052
4076
7426
1397
86
5520
11275
7393
525
2540
9267
1041
2203
12612
2834
12392
12251
3088
11506
6714
3046
9020
11296
10459
11456
1717
10980
1195
1706
8653
6382
6393
5793
12001
2268
13678
6822
3641
10866
7076
6071
1071
3153
2303
1743
8852
6475
8402
12618
7143
5254
3868
13243
10823
8183
13308
193
5916
7681
1259
14255
2705
11069
14666
8083
12988
4252
13492
14170
6912
5660
2573
14370
8987
2487
2490
11991
2196
2890
11059
6978
2408
5172
10791
3671
10557
1566
6879
2750
13470
7546
12581
10149
3664
982
1638
14540
14076
4827
9062
12345
3503
6577
14315
3476
398
7054
7677
2389
10822
1815
3276
325
6562
3109
9594
651
5758
13724
14218
8712
13284
2680
1506
5780
2157
4137
8685
7531
6891
14008
6924
10466
5852
13330
2430
1735
7841
1277
7245
744
568
7313
4355
9634
175
5553
1237
2797
3234
13498
4767
11341
10454
2595
4920
2069
847
12877
11344
5871
407
4756
11927
4951
12368
583
1743
5633
668
1989
6660
13856
12083
3937
8835
7792
11165
6399
6689
4326
10760
10215
966
6423
4124
1442
9097
7766
10061
6730
9310
7594
2025
12439
3926
2815
7427
2863
8469
1948
1119
1198
4161
10197
11982
7262
14873
12441
341
4720
5765
12823
9849
1996
8341
5653
9629
10782
14781
2761
9936
4553
7511
14411
13193
3760
2161
3906
2444
2419
3520
5598
1017
9479
14069
5535
619
3889
5327
5436
3094
8692
13289
2630
3517
8520
10422
2710
3587
9046
8794
2004
11576
13994
2267
12786
1014
3904
13112
904
7037
12522
12505
13489
8380
8656
10711
11238
2616
1977
13284
2313
8242
1666
2934
2533
1284
9421
12128
492
11572
12611
11810
4977
14821
2652
4595
10631
482
2158
11572
12089
10092
2469
7422
1740
10270
14122
2263
1506
10798
2407
9921
592
1415
8866
1147
2538
13638
5888
5844
5574
5441
1956
1741
5598
13782
10224
7438
4538
10635
2451
6180
805
4234
5347
10506
687
1640
4213
7445
603
9493
12619
7181
4241
3366
3461
2688
14327
9802
2907
5345
9284
474
10506
2577
6781
773
9125
12901
8619
13938
13886
10585
997
823
10269
5378
2114
329
1904
13290
1161
7301
5540
2864
14213
503
491
3398
6875
1041
3718
9103
6630
14303
3021
9392
341
4608
11100
7782
7898
12975
12440
6745
9439
2722
4603
2592
7021
8763
2580
2373
877
13790
8427
2770
5138
6050
14635
4124
4758
11819
9817
286
1836
9679
14972
7265
10390
6144
2845
5811
14384
7146
6497
10470
3508
13765
6740
12395
10624
4484
7960
10046
10813
12263
14023
1324
5865
1655
214
6794
10384
10336
11490
1223
13878
11707
935
125
8872
8901
919
5412
1531
12042
9616
9808
10645
14286
6097
11964
11819
5693
6013
3278
14330
7529
13329
4877
14995
8013
9491
14417
3992
6832
52
13401
12108
5611
7896
2443
13867
1206
6298
14168
12012
4536
2229
11653
6120
3358
13649
5401
12022
174
3275
1812
5389
10901
1136
12781
14270
14245
13835
2239
3656
6978
10069
13541
1166
2271
780
6467
10215
14589
7592
6591
7716
10460
6641
679
11343
7093
325
5973
10793
10831
14225
3168
3548
1888
8797
7477
187
11823
2021
12126
8048
1256
7669
14754
7140
9383
8086
5526
1660
14848
10590
14121
4745
1926
8100
13174
14480
14267
9148
2173
10212
2920
2448
11483
3433
2045
384
6636
8459
12339
13002
3718
5902
2808
2238
14848
12031
12531
9020
3490
12010
10984
415
7895
7885
9470
6493
7128
7605
13463
863
13355
1040
120
2239
364
13035
3890
3760
12626
6245
11969
4834
12734
2091
9587
13645
3023
357
2418
9662
5313
10137
11805
8208
975
6671
5980
1349
12687
85
3699
2774
4102
13251
5161
11998
571
12641
3681
2813
1440
14920
5312
748
2134
13247
5512
8325
6480
5319
2101
733
8723
8281
3783
12836
588
12086
14463
6836
2234
9119
1565
10440
10926
8271
4193
2535
12337
10909
6944
12457
11533
2310
13785
14153
7030
12138
11009
1499
11042
9334
292
10897
9759
5979
5965
2489
13651
8796
280
9529
12002
8045
13550
2677
1732
4506
10185
1528
9741
3790
5176
3625
3289
5454
9460
2024
2007
12133
14700
1114
2229
1265
12519
153
2773
3901
65
11383
14014
11216
11679
10644
10998
14726
950
12630
12423
11814
1760
2369
7407
6140
8609
11048
9020
13376
8993
9818
7728
11126
2251
9440
7490
2495
2197
14213
7661
7784
9833
6455
2452
7442
6492
1574
8774
12626
1028
6163
1991
4266
7664
2019
3271
14575
3978
2172
735
3780
6928
2094
937
10919
8060
9237
6200
12018
3400
12359
12632
13429
2758
8969
6670
322
975
583
3731
13577
9786
12931
12429
10149
8455
13686
3046
11847
14524
13773
14065
8586
161
3053
8387
12838
7495
14290
4663
6881
14246
12349
1437
12235
7295
5676
6299
8616
8199
10574
2043
1707
2494
847
4887
4201
886
3609
1291
772
1688
5884
2643
11698
11243
2607
3445
1581
198
9407
11647
12811
1280
11047
3908
8969
1174
4889
7899
5836
1357
9628
8200
4512
393
7151
9680
373
2989
2044
343
12534
1716
11793
1492
700
14543
9235
6719
11907
14007
955
6777
14218
2862
7726
12653
7929
10857
13175
2726
14174
12065
2696
7234
9553
1227
1802
14581
4065
6756
7281
849
78
4056
11347
9796
7928
7317
12130
434
1943
11036
3023
10444
7493
10776
4066
6361
2314
3778
2591
8965
5038
3219
2675
256
14988
3707
784
1528
2661
994
3853
1769
786
1894
7114
1971
3862
9709
6819
14053
12651
4899
9026
13897
1012
13621
13618
1496
12083
1639
14521
6191
6821
13907
13797
8386
6274
819
14410
6616
7761
4097
403
9839
1035
7148
13760
6594
9271
8678
2310
5888
9518
12949
2333
10847
9599
10654
10110
600
13334
14880
13604
6445
6593
5032
3237
11592
2772
1513
10176
8406
4645
8415
5209
5644
6106
1548
3130
13632
833
4610
8413
4795
9704
5737
11176
6934
3991
3483
11911
1763
4994
9911
4968
6461
6179
8156
10043
387
11136
6246
441
12384
5577
12581
13959
4775
8573
1716
6939
3285
9445
239
6182
10711
12129
10857
5970
4726
5210
11068
7029
1384
8823
7410
5839
6601
8316
9421
3441
8594
856
6978
5286
3200
2037
10883
9750
14440
11614
11852
4617
7146
2988
10118
10241
10811
1849
14635
11459
3720
5193
257
880
3640
9413
1795
8390
225
12722
5628
9524
2813
12018
11637
814
7430
1418
2728
5318
11320
11235
1590
6620
14270
13020
4991
927
1656
1752
4368
8412
339
7860
3018
1287
1553
11421
3448
11360
11547
1103
5392
11799
13493
14776
7422
2458
9113
1398
2110
806
11478
14046
12601
12197
5105
8087
185
9912
9277
7022
6624
3085
2935
5812
8670
12946
10925
5637
4794
11739
10017
1074
755
8407
13321
7649
9735
12834
10913
12802
9211
8231
5986
13950
9756
3852
7564
10948
13382
1811
9090
13980
3939
8293
4557
3631
11654
12962
868
150
8688
13079
4242
7234
10571
2671
14369
11988
1014
1653
5726
1207
496
2552
1996
5987
12200
12880
13718
274
10148
881
11519
6240
352
2341
7412
2887
11530
10847
1573
10880
28
11653
2527
13937
4353
12549
949
6443
6900
9116
10609
10867
8085
10066
14437
5260
10045
11602
12567
5027
6172
1017
10301
10787
6409
2861
13404
6058
12978
752
472
9884
12444
10292
4567
10910
11197
5105
3454
797
2304
4214
9545
10792
9218
5013
14317
4707
2675
12825
7808
10078
1726
13524
12483
14670
852
2436
830
12610
10797
9237
3845
13744
5537
10086
290
8169
10855
349
5587
7130
10876
1963
10678
3669
1254
9040
13186
7863
8209
8686
12295
6747
10506
1577
5657
535
4466
5746
13217
1222
2141
2504
4053
4646
5411
912
13249
4410
9895
5694
4365
5890
14998
12869
12384
1401
1675
10667
5910
5560
12969
14041
5815
1106
13023
11297
8496
1096
9003
7424
13253
4789
4280
9159
1231
10908
14674
3676
12226
4777
13308
10430
1811
12589
13024
11762
1664
7342
12543
13055
12896
7534
313
5305
613
139
12679
7908
14679
14663
9950
14198
19
2657
12375
12450
523
12612
6902
4770
2400
11398
10671
717
6565
8339
344
13962
10214
6827
1579
6772
5096
5282
2338
4918
3099
1118
2992
6809
6734
5150
12069
7747
13362
10617
8938
7498
4225
3205
9942
12146
6408
81
8912
6195
2275
12085
6087
5814
12192
9408
13854
2561
2311
9202
9875
809
13840
11691
9835
8040
7734
4300
6086
9080
13450
14213
11601
134
1874
4502
7611
2010
5516
9154
13383
71
3670
5601
12580
7454
3152
1085
6794
8039
2116
1991
14726
2466
332
12027
6967
11282
6293
1153
1466
4692
1219
14901
13115
2528
11318
10617
5229
11597
3987
90
8484
5729
6021
8496
11425
7273
5573
1538
5709
461
12632
4178
194
2632
13072
13204
502
6391
4342
3653
1945
2640
13998
11121
5817
4789
947
11261
11852
4161
9709
11879
4271
3962
2912
3211
12956
12455
14400
2967
13800
7260
10289
4657
6622
10076
7875
13823
4438
7327
2118
1504
9459
9236
8274
13297
13236
8903
5771
1210
13040
9519
267
6658
3687
7970
13472
552
4014
10674
967
1252
13315
7740
14833
12389
9787
7357
14094
10629
2361
5992
7639
3314
5215
11279
5768
5533
5177
4262
269
3608
13088
2438
12940
9084
6493
12824
7372
1393
5175
11159
11308
13722
2694
1380
14320
14167
9737
2524
14167
2884
12973
6165
2768
4987
6926
4897
4590
11150
9875
9898
10538
4431
2261
12014
4168
2491
5337
1005
3132
11668
10751
6401
1151
9687
7193
11764
7348
7382
7487
10185
13536
11302
5634
14028
4378
13027
3273
14475
2551
2682
681
2249
7680
12487
12863
5601
5088
12201
755
2400
12049
5683
3789
4910
4847
9908
2723
10422
3063
9489
13327
10435
9032
12505
12058
5405
3187
11770
1669
2653
6616
4114
7762
2398
14418
8881
398
14341
13763
7213
10634
13770
10962
10573
6610
3990
7516
2130
9782
10751
11688
6314
8511
4931
12184
639
772
762
461
5616
1037
10862
8451
6415
14711
1063
7941
8619
1874
2098
4649
13510
10215
7050
7791
1305
9735
14202
7366
7775
8984
1330
6224
3744
10800
8584
1447
6295
4263
13504
2472
102
9568
3791
11647
9767
1936
14677
4827
14006
803
2065
2435
6294
12627
13817
3233
145
12954
2130
10606
12485
6602
12605
5750
3267
14458
7331
6669
6513
1300
3378
7107
5826
885
9920
1724
268
11037
471
14427
5179
2200
3458
10968
9444
3348
8055
14063
6028
2027
7613
14835
13882
5723
14664
9890
11435
14717
363
5699
14781
14075
837
7798
5685
2885
13752
3363
11533
14894
1389
6101
5640
9282
3212
13256
1592
5746
5619
7601
2418
4756
2052
2349
1040
2325
540
13813
400
13312
8433
12776
14338
1596
9908
2985
1480
4968
13047
1474
3089
12042
12249
3594
11191
1769
10359
9771
10050
543
12541
9479
7843
2139
102
6836
11710
270
14601
13765
10146
717
2780
3532
4338
14062
3093
493
9537
270
9358
2364
9218
8906
3041
5657
13230
1421
8885
10146
11346
809
1727
10874
11967
8914
2444
9985
11163
5775
6926
1541
1257
6674
3437
9367
13685
5722
9768
4848
2322
663
2493
6494
7879
14262
3397
9354
1527
10429
4331
5940
6224
274
11254
1273
12286
4087
10781
12108
13353
9640
11699
6706
14381
11360
4228
14770
2729
13713
8414
2733
11826
9522
8283
4562
1248
6470
9822
10062
10376
7491
6036
3410
4644
10016
3845
10709
8593
402
10074
13211
5911
1089
5514
2678
10766
9759
6696
12228
13271
8056
3223
833
11176
13424
1353
5887
6253
4546
6227
10931
211
13341
3822
202
8014
10700
1858
10292
14046
11573
6843
10232
11757
13929
12368
648
4492
7286
6714
12854
9095
3362
10258
1382
8566
13753
2350
10022
7966
2625
14470
3964
8759
11380
6305
1967
14726
8645
12293
6144
4638
583
5863
14802
4187
9322
13672
656
2472
9167
13409
2990
2665
7126
224
7691
5019
7325
12411
7910
6211
12196
14972
6702
14884
2584
8126
12438
11853
12525
2327
11001
11962
6383
10167
14946
4017
6850
14936
2215
9984
1056
1398
5374
3430
1963
6232
849
14927
228
9231
5191
7260
2100
1639
14467
14746
10592
2181
13353
13449
8898
11008
12605
7136
2198
11578
1150
5743
5146
2384
14220
1838
5114
14624
12438
52
5610
1035
13559
9978
7821
13763
4433
14369
11830
1943
5890
12337
11086
12389
7839
10020
13909
4791
14782
12954
4452
177
3064
846
1266
13577
8343
11208
10541
2520
10772
2645
5387
4793
229
2460
8130
5751
5133
4474
5469
14604
8452
7249
1248
9231
1488
1284
3822
309
14132
1198
11608
5371
5032
2252
9617
1251
11801
4104
1968
11078
4434
535
14270
10073
5187
12493
11753
5426
3714
8728
12216
6372
9640
12442
3695
3674
9053
13947
13325
8297
8333
13094
5332
1521
3324
2106
14193
1085
5121
4901
6069
1241
6640
4500
14819
6315
9466
10797
6955
12349
11296
10265
9158
5250
13022
7636
10851
10479
12213
12855
8385
11900
5611
6089
6558
11779
6143
14001
6872
4560
12143
7502
2714
8817
12532
4531
249
3136
713
3157
14576
1031
392
13670
5736
3340
14942
9224
13340
12661
1808
13146
13396
14437
269
7071
9959
5856
846
743
5191
1635
10020
4181
8280
2335
14184
2603
8362
7024
7121
11491
351
313
3209
12208
1510
7387
12825
356
8289
12029
1142
867
12868
1101
6620
9687
11175
11720
1723
9358
5734
9143
13678
10041
647
8579
595
7142
9844
11874
7424
9480
10361
10058
12187
1662
1160
11542
14638
10321
14331
5879
448
6818
3130
4492
12823
5955
118
7828
1060
6084
3509
13555
6360
5786
11967
892
8230
251
7736
1759
5904
1941
8351
10619
2855
8727
14486
133
14429
1240
6067
834
1886
2711
11702
11849
14814
10722
12668
9196
1468
8611
10875
984
5151
4416
7055
1411
2176
8786
12965
12087
7921
1520
103
1140
3740
14853
8639
8826
11255
12527
12367
1774
11238
2242
151
589
6841
4436
3976
1863
1320
1610
9778
13254
14381
5067
10537
9992
7217
6051
3277
1744
14377
13699
1833
14556
4762
2399
892
11763
5251
6968
303
6301
58
13323
3471
2231
14233
2609
7931
2894
5386
3433
7816
2988
12225
11939
235
282
8369
4566
2606
8189
6722
4021
2335
4292
13306
10708
1405
1656
12633
2946
11757
9108
3521
5314
8468
8472
4557
13586
11621
9841
361
14415
14942
11291
2404
1528
13782
9721
6505
5531
1705
1820
12484
11397
832
2563
13147
1110
7690
11930
9626
8908
9039
382
11499
7327
9839
13415
2534
11309
1942
14583
2638
8574
1227
13370
14180
2002
3706
1775
4960
12666
14214
446
6965
7573
5819
12610
2757
1380
4611
10112
3533
11136
5966
1329
8025
1618
10168
8037
14587
10323
3454
1720
7768
7445
4633
1842
131
8290
110
7625
6767
12836
11125
3746
11551
14356
8993
8696
10304
12974
2687
13908
14970
6509
7858
4181
12362
195
14391
721
8756
236
1060
4645
13767
708
14934
1730
3913
13686
13532
13321
9117
7655
13550
13809
10401
1386
1858
11110
13117
7100
14791
7891
12329
11971
11539
4963
14631
12051
12027
5029
8625
8489
11794
3310
7275
7795
2563
10467
14188
1552
6546
7095
3362
5188
2720
2362
6524
2207
13581
11163
12683
3647
5612
14583
10083
12834
14801
12955
12950
14320
6021
1390
3323
888
13030
3154
10165
12355
3072
7357
2934
1382
2697
1507
13318
10484
12756
3542
7935
11587
908
13424
723
4485
3795
5608
3247
14474
6939
5692
9065
13892
1669
12110
10289
2771
4809
7874
5700
13946
9365
1343
8743
14970
2033
7372
14730
2269
2362
6124
8730
3734
3245
11253
5347
2935
2039
14998
150
99
10987
39
7184
14637
1083
7437
275
13376
14210
494
12377
14649
4466
12081
9677
6938
5570
9298
4733
13489
10362
4061
13549
12384
14809
14033
6597
1533
13159
4191
7431
11285
8711
5579
5673
3573
7567
2258
14578
1473
12051
13988
4546
5224
3750
29
2650
12512
5827
2382
695
14070
11236
409
13113
4105
10248
14405
1977
12032
626
12038
6738
1904
6152
5689
5366
3002
6241
8334
36
11965
114
3431
6793
648
3251
1888
12886
14747
4597
512
8608
4854
9047
3399
3149
6601
9018
11568
10381
4862
5265
14257
1335
11428
10317
14768
10719
6142
5112
12601
6804
2052
1688
6613
10630
7343
1351
701
13383
4530
1872
3599
12465
6968
10212
8672
13233
4873
11007
12443
2635
12977
10252
3977
2263
14930
1952
3241
1418
424
2309
1634
13879
14533
1565
7887
1727
13719
8251
14682
5455
13351
1380
348
12114
6916
1803
8739
8486
6751
10374
3277
14795
10239
3883
9501
3873
7544
1071
5324
8545
264
10544
9417
14735
10042
6041
4860
7686
2399
8110
13919
9261
5529
6657
2182
9865
11489
3244
1289
6803
668
5016
10807
11539
9730
12342
5469
8293
12776
10891
2952
5643
8758
10953
6807
12227
7578
1844
8397
13571
1918
6370
3677
2202
10448
1671
2622
7728
10625
9079
8113
2697
657
14333
2793
2245
3745
1396
10003
6500
8656
1668
5157
2649
8218
14256
14836
11452
10669
8277
5921
8068
13334
9661
1092
7757
10860
6893
2907
1870
9011
13436
13948
5150
8044
13693
10786
8217
14331
7470
14789
13
7122
14090
10925
11962
10708
756
6407
9121
8979
7309
13113
99
11382
3664
1243
2718
9581
1532
8070
388
2783
8866
3170
2532
7527
14967
7362
5453
13914
6572
7227
10360
7404
13653
13566
7374
11436
14718
4601
4186
12237
7948
1676
4975
10014
2483
5546
9957
5028
6836
9167
5536
12293
14738
2026
450
9401
6533
5587
9115
10205
12598
13822
8454
4336
9052
1880
12909
8130
13918
2137
2215
8001
5170
1571
10473
2397
2038
11131
9587
679
6717
10509
12573
7110
1076
14708
11129
8490
10501
12850
4058
14596
11796
6253
12446
12813
488
1228
13984
2198
14556
3608
1553
9432
3223
1550
10760
3149
11672
6459
567
13383
2662
5201
14840
5480
256
9514
4032
3521
7720
2034
2067
2695
13301
842
11568
1099
9665
2457
5174
7032
7952
6550
11087
7522
7322
9156
2468
6102
7547
2941
10169
2284
1057
2370
13683
13172
2005
2145
239
7752
12774
4273
9084
13790
10834
1314
5596
2522
14255
12440
4055
6937
2777
5370
8017
13328
14189
12421
9157
2070
3709
11623
13442
2663
1396
12169
1837
1331
1173
13484
13607
5574
1751
31
752
14689
6004
8271
13155
1009
13434
11841
14060
3735
593
9116
12856
6272
3742
403
780
550
7095
10425
13745
4326
2536
13005
4502
9155
6030
13513
8534
13675
14474
7493
6868
3112
8304
9721
7340
554
12881
115
13852
2932
14774
14246
14427
3612
3478
1484
6984
2486
9225
212
518
13219
11445
2079
5503
13990
1129
10160
7735
14343
4505
6403
2466
6532
11817
13848
632
749
1477
14439
719
4246
9353
4621
12098
12666
3556
4000
2650
14110
9506
5952
978
10348
12755
4847
11663
5162
14446
8226
2231
12698
12442
4760
11201
8331
742
10706
13286
11784
678
8548
12718
1615
1249
11516
782
3588
3410
2848
5744
4263
6932
556
10652
2323
369
5556
662
8449
1308
14919
11360
12229
11550
11589
11425
3878
14934
4994
1102
3916
4068
12203
8224
10421
4200
304
3702
7665
11742
8947
12236
7071
13917
8273
8380
13047
1928
4478
413
1609
12165
7086
2233
950
2132
9705
8419
526
13298
6582
5424
3001
13343
8419
1381
10266
364
1540
162
13481
2689
1474
12254
344
9694
1294
1315
4792
3809
143
5755
1620
9815
6215
3042
13014
3230
7413
9926
12073
13162
7215
11445
12728
2326
14005
494
4965
10950
3182
4475
14683
4659
8397
7852
13336
14151
1988
1616
13198
1657
9868
5688
8601
9947
11740
10292
12638
10386
1808
12314
8233
1438
3812
9364
14615
10187
14025
2490
7550
10590
10598
4799
6057
7564
13707
10248
57
13992
3522
13059
10664
4323
4232
1140
728
601
14427
13262
1868
5113
11547
14416
9005
8462
7933
8229
10247
11524
9566
12297
7501
3500
5493
12073
2450
5052
14653
3122
8193
9344
3081
2196
728
14926
14833
4968
14321
7705
10220
2312
11121
2659
238
9223
5300
10849
13012
9865
2345
14674
8277
14003
3513
4552
13051
8310
14310
9506
12274
12080
1882
2689
1417
6124
9758
7553
2063
2491
7684
11770
240
2811
10342
312
13048
7191
16
1408
2654
14407
13691
10013
10525
13089
3500
13201
4791
13304
6613
7047
3099
6356
7779
8321
1689
3018
11952
10565
14571
12654
8337
3966
9710
4510
610
5792
8937
12937
2496
2531
2342
2535
12135
1116
5471
5266
6822
4024
5178
158
11008
5299
10751
10949
2916
14497
2
11599
4343
8290
14797
2400
5248
5043
9032
2169
300
8858
5123
7467
13532
8962
3266
1010
8892
13065
3834
10407
9821
1718
2780
3056
13669
622
1039
3948
2381
752
13795
1129
6795
6560
5668
14529
14369
13642
13243
13325
1694
240
2075
9792
900
11101
186
2135
2474
2442
9055
311
290
6096
6339
3959
11373
10880
11867
4208
13870
2280
11221
14187
2004
14943
11672
4305
7564
754
7025
14361
8831
4400
4060
309
1592
13931
10807
5990
10296
1800
13365
938
14701
9865
12010
13138
11496
9904
13858
1441
8135
2159
11767
1658
1035
4510
13323
4457
1450
2493
10234
9973
9119
10074
4132
13580
14048
325
7473
1503
1536
7963
12789
7944
2047
2544
12815
9178
8711
10799
1965
2823
14072
10287
634
14976
5014
7302
1618
3568
9625
2857
6829
9865
12798
6968
3067
11628
13156
3276
9935
3147
3737
6490
1607
4450
2230
2076
4187
13973
1592
9870
6091
227
329
2214
14358
13884
5135
4631
1352
13222
13834
432
947
358
10708
3521
13738
10638
788
13125
2050
3169
10043
13911
5122
7199
9907
8222
1733
9429
477
458
11005
6916
2002
844
4650
1438
5956
11545
11107
3628
10574
4456
1900
11
1521
2444
6201
14256
264
10339
11153
9898
6430
8256
4663
2631
8415
1398
12397
1834
1836
9646
3658
5851
12867
6971
3398
703
2103
11292
12723
10225
2787
8754
10335
1233
1205
4650
10375
14756
14121
7733
5381
14973
13938
4062
12581
9651
2537
9372
6069
11946
7207
2713
10331
6918
14221
5969
9364
1893
1566
1927
4065
12077
8171
37
4844
4207
14632
8091
3900
6874
6341
1546
14118
2810
1440
4601
21
8554
14576
5031
43
4375
13725
14210
13328
4703
3270
6104
3177
4163
2403
9708
14021
5713
12565
9603
8661
733
1202
8919
10442
12272
661
9299
7547
6673
1710
1881
5846
6564
4982
11385
11255
4808
11358
7426
2672
2950
6976
5758
3416
1046
7733
4625
9734
14588
1561
4402
14655
9315
5916
325
223
4544
6730
7472
2100
2067
8749
9413
6017
10602
11722
8792
5746
11174
12905
14921
13251
5097
8209
2900
10526
14392
6812
13711
12677
14086
12198
13739
340
610
14908
935
11187
1978
1179
11593
11
3879
10998
11678
1982
12282
10908
501
2500
13016
9000
7455
4371
5978
1827
8921
134
5520
3424
2197
4273
6520
734
12038
11172
7513
8307
8643
12839
11484
12087
78
1989
14237
11423
2428
5676
6847
13939
7111
7908
2118
874
7291
12965
5657
12437
2031
1966
7903
5257
14053
5275
3360
7640
8843
6175
6768
2914
618
5706
208
1752
4230
2853
3582
8594
9151
8364
12534
361
9344
10234
9648
9823
13199
388
13356
22
1092
5926
20
1759
12517
1923
6313
7604
1049
2852
10128
2824
12228
6342
7221
7221
9938
14824
8969
11677
303
2333
6209
6701
8039
12384
9015
10511
9913
5621
14693
4856
9553
4328
13127
1282
6798
2016
2936
8994
5673
579
3192
7732
7576
11784
2988
917
13746
7537
6926
2138
1380
2592
12199
9239
9155
4667
4706
9899
9210
9835
515
8122
5982
1353
10096
2242
376
11610
3791
2162
2620
7837
12104
4632
7808
13402
8204
8322
9014
7494
7830
7576
541
708
3993
12400
6005
342
14522
13313
3298
756
3599
5756
9603
9132
6576
2583
467
2250
10829
1676
4143
13818
13553
14419
2266
10284
4957
5291
14758
4143
5368
12886
3523
7042
12005
2590
2557
1231
4038
1146
11425
14904
344
9606
9223
1126
13758
9690
9719
14808
7930
13553
12621
1817
9770
12516
4567
8077
2264
200
10113
11037
3772
1334
14262
12441
6349
10970
14594
2102
2678
12158
6038
6521
5150
1272
11004
978
11146
12705
3355
13411
8671
8023
2781
5307
4067
2717
11527
10686
8835
2337
3800
14136
51
6247
10430
8778
14065
9612
8558
132
14874
12406
1626
1940
8809
1570
1760
7502
6557
14141
2568
2676
8555
9535
2238
167
10300
8877
2002
10807
313
11279
196
4575
12827
8785
6203
9485
11351
9805
10471
4369
1139
8544
13645
2451
11274
14460
660
13618
3350
3807
8982
14314
12247
3986
1497
13614
10638
8220
815
14391
12031
4208
490
363
2967
3476
10028
8481
4105
2051
12014
14036
13064
5598
1287
3670
2728
4190
1992
2423
5965
5413
14565
9990
9105
4254
110
11344
12792
10266
3759
13414
7951
11365
7069
4147
12948
2144
10787
3479
12919
6608
4451
10230
14481
8119
2480
14469
9748
1457
2395
4421
11619
14969
1181
2928
419
11901
11053
10388
7787
5135
6434
878
2264
1134
1364
8752
12492
14981
6630
5446
2007
11874
1934
3686
3071
6794
1656
9207
10836
5099
863
14219
839
778
10501
7375
2172
7702
4654
2954
12189
11316
2640
3572
3322
1652
5462
6642
5166
9475
4981
14143
819
3235
8734
853
4824
12377
4750
1572
1962
7013
12578
4370
12465
583
10167
5836
3973
2184
1360
13659
10881
4591
2145
1547
4174
2501
13804
4920
5082
2019
8698
12586
5731
10826
13709
8978
8511
13451
6435
741
486
8
1773
4297
3114
13354
1553
14606
6197
6789
11741
1223
2052
1345
8989
3104
7027
14715
10950
13098
12433
2995
2676
2582
7277
5695
13601
6558
3977
9200
5119
1914
8462
10570
12800
833
11017
11962
10308
3238
7308
14940
947
12845
6672
8027
6483
10878
13785
13540
13812
10330
14650
2228
5546
14195
5155
13105
13043
5657
6616
3871
178
9618
12644
10477
7899
13217
1646
4343
12511
2307
13771
11509
10323
6526
7324
2219
3372
2451
2745
13442
4958
5405
5781
1303
4141
3514
4292
10306
1251
14050
131
82
5795
566
3408
14648
2197
12562
4321
9033
14052
3950
8441
5584
12492
10977
1064
11571
2672
9735
2434
10868
11539
12294
5419
12402
101
8187
1009
10993
8096
3618
3235
2744
13820
8565
11896
4986
7640
2388
13907
4632
4017
8022
1102
3237
5736
9551
9333
6025
1671
2899
2772
3177
5828
11834
10931
13311
5498
1349
6321
8078
268
8648
1791
138
907
144
7342
2613
1826
9158
275
10340
10768
3172
1234
1988
13989
240
13578
1663
5321
903
11143
2483
12985
2276
2997
7413
14443
14393
13172
921
12341
8605
5599
6142
14145
13926
9209
10632
12476
2905
5450
10957
3630
14608
3014
269
7468
10675
5791
4627
3381
426
11324
12345
12754
14274
11146
387
4250
10270
5898
13099
14548
7056
9379
4165
10430
720
3890
291
4125
9372
8159
8580
670
257
4241
1800
5349
13665
11812
1663
4348
4709
1787
12771
10535
3124
9913
11283
9269
10189
6836
2402
1169
12746
4556
8751
2089
10662
4704
5358
14735
3408
11514
3671
1991
14608
10716
11213
5856
6121
2490
2346
2686
8551
10698
7985
14079
13763
2146
6980
14285
9150
14713
10839
9908
6826
6937
9509
13492
2143
1363
6049
9616
572
5867
4527
3128
2636
14093
124
101
7900
289
6316
2131
11705
387
1963
723
3535
1238
4422
1122
408
4649
14634
5820
12321
7338
3877
7205
116
6579
4028
1434
2225
419
12277
8891
5878
14030
6598
4851
5729
14911
8813
1851
5483
2341
9057
6228
7191
12195
1153
339
8243
7533
5924
1314
9663
12656
2664
69
7252
3921
12943
7971
13743
14913
3111
590
6893
13807
145
923
3745
14910
677
821
12220
8280
6675
3167
14124
12268
8085
1234
12960
7340
12131
13918
11691
4794
6743
12660
16
12188
2355
9899
8533
4637
2127
5505
13730
1398
12799
12557
5723
3845
10580
1755
10276
1317
370
7543
10597
7014
2890
9069
10887
11046
1593
6280
886
5040
7049
9290
3663
11573
4342
2476
6251
960
13411
12422
8229
13
11966
809
5616
9661
12258
5563
9036
6491
4908
14403
3051
3075
14912
11149
14375
2020
9092
11704
4367
4155
7885
5774
11706
2498
9665
9380
123
13025
14957
13860
3253
948
12576
2927
6480
14772
5047
7430
1140
3539
7578
2218
3102
2634
13023
5210
9569
5557
9166
12542
9431
2282
3621
3898
912
1245
533
573
11850
520
2052
6074
458
729
3236
2438
1546
2676
13883
6275
10251
1891
6045
9045
13701
3419
3928
3796
8101
4417
10030
1801
245
14037
1992
14716
2378
2094
6672
9973
3939
4749
1120
12361
14757
10582
2305
14063
1455
5717
8767
4756
6594
2373
3259
5828
744
4239
13233
2650
10394
2753
1884
7610
5618
653
798
2485
12688
5715
8188
5549
139
12025
10880
3681
14318
354
1825
4338
10950
1245
12529
14799
881
2737
318
13631
2001
14445
539
4022
5664
1644
14143
3217
2302
6136
2902
6269
8913
9710
5471
10924
541
1436
7886
10802
1100
7894
283
7687
488
9926
1371
1534
7615
3197
837
5334
413
3397
4351
1662
8616
4634
2137
6454
8920
577
12306
563
10222
14142
14827
7076
4871
6452
12057
2691
10856
14673
8151
886
9628
2968
1555
14359
9556
899
12111
8
8567
12608
11003
2523
7746
12195
10945
809
10969
4069
5305
1905
1270
7700
1775
7331
8569
2787
609
2589
14826
1859
117
1367
2571
425
14411
13642
8257
14378
2886
1310
3148
5293
6361
7828
7573
13424
2095
2121
14120
1094
13796
4493
7202
14303
3818
5674
1181
15000
6359
4705
3041
7548
2317
11145
14229
131
12401
11257
758
4635
1657
248
4327
11284
12959
13075
13642
5416
11867
1351
11454
2835
2505
7872
5258
4263
7678
13441
14120
9891
489
12517
11557
9533
2335
7357
5313
10462
287
13346
11194
1829
7832
7950
5838
10958
2327
11958
14752
3892
11917
6811
10690
14860
3993
7018
13165
10357
986
11552
14516
8645
4248
473
14688
9765
14739
2259
12783
8104
11196
6487
5886
5816
5571
13432
12129
10234
432
1911
6264
14803
9190
1933
1421
5514
1420
642
14139
11752
1126
6582
8601
7453
13948
3991
8303
9893
546
10459
4937
13059
5552
4294
5481
10612
482
10829
6753
13344
9466
4636
9026
2725
14308
10805
11183
13684
3547
11730
725
5080
4698
7461
7783
820
6502
1061
13764
2956
7754
14988
12476
13638
2146
6352
1652
12698
4621
8862
8438
5065
11061
573
2677
12466
2112
9330
1615
4339
3660
7000
11491
13901
14750
1003
2573
14328
14420
1805
8455
4994
13044
5160
11283
8698
12604
6516
2095
12177
9260
9140
5551
1252
13609
3900
10113
5227
11123
14070
2301
10221
13952
14141
2724
5400
8010
3609
9195
803
3047
9453
6320
2903
2313
4245
1340
7638
8613
11844
7225
2154
2655
6156
1101
10537
8870
2528
13023
1903
7379
8399
4162
5156
1144
10113
12273
2528
5959
9567
7978
12453
2792
2134
1790
1044
3439
14564
5575
3170
5229
5894
14554
6588
6742
6225
12735
9864
11436
5872
9119
2550
5602
6886
11598
3512
8091
5612
4009
14093
9291
516
8890
13724
198
12247
8089
3472
2984
1325
13789
4086
4805
14267
14315
9671
7674
14082
6046
4490
1499
12085
12136
9689
11958
3146
5344
2967
4944
12301
2829
6368
7383
10986
14842
2914
8568
6466
6698
8403
2258
9855
422
11955
10827
10227
3300
7523
3585
1278
730
12982
9315
8055
1299
4999
11833
1453
13545
8979
5225
6118
1885
2552
1596
2855
7851
3862
112
12429
12889
8213
3487
604
5089
11656
14080
9078
9324
2657
14060
12790
1122
1684
12972
2173
10160
14856
2594
8429
9521
851
9749
11733
888
7774
14736
5892
5108
5953
9333
1513
10189
12743
5878
14138
7046
13614
948
2627
7924
48
5132
12642
7270
789
3927
9337
4990
9261
3056
8587
5695
10664
5468
12555
7270
9088
1061
1681
8446
11882
6335
11598
919
10993
5623
3378
191
11563
10648
10884
1732
1600
12048
5514
10560
496
5930
12641
6389
13980
11253
1023
10203
6041
11630
7960
7793
2712
4577
2998
4336
4889
1822
6532
654
3889
14825
4132
8057
321
2994
3127
1098
610
7039
3974
7549
7086
13871
4454
446
7872
13896
4953
4750
3454
13082
12131
11934
2325
12974
1666
14427
14295
14330
7202
13763
9825
342
9560
14359
12480
2868
141
5169
10605
11019
5173
6672
10149
4396
13648
4273
10558
9681
8017
14520
12151
2507
1918
8504
768
5387
167
6703
2194
1923
2698
10101
8584
10477
2941
14679
1174
748
3142
1879
9273
9115
14152
9302
7055
5827
7295
6005
12520
9288
4134
11032
6925
13182
13975
9028
2808
8472
3331
7627
3997
7105
6378
13853
6879
9982
2677
7009
13389
9948
13153
4653
13462
1206
2767
13690
14019
1010
12275
339
6701
12077
3418
983
8647
11220
5391
4365
677
2028
8879
7768
11189
6372
14803
14691
11116
2826
14518
6750
11117
9378
2168
706
9717
318
6834
14954
7266
1163
3131
1922
12974
11624
563
8476
3734
12797
8062
8089
2464
7841
1882
12333
8036
7356
6573
542
12402
7727
7105
13942
2428
10248
5913
8279
11509
4226
8449
1158
11867
4797
14216
7499
3137
10722
7617
9488
4144
14689
7083
13104
9256
14678
11998
13939
4345
7754
3487
13663
5462
11550
14198
13264
8708
9901
3853
1635
2007
4922
363
5007
12902
11560
314
6534
8688
6377
2286
171
5152
9273
6288
2268
1301
14987
10073
10377
1540
3628
9387
14029
8026
911
9140
6805
14116
10745
2492
1063
770
846
10449
13845
11532
8395
8785
12818
4747
2046
6857
780
3107
11755
1011
3298
13007
10432
6005
8544
518
8339
11311
10409
14213
13875
8700
14060
3893
5252
998
12874
2590
11887
11700
11887
9996
10616
1885
95
4433
7634
3737
12283
14371
9640
10861
1100
3479
2430
5344
5512
6022
848
2804
362
12303
7720
8695
6398
6590
14262
10578
11637
5883
9915
6689
3526
542
5830
1677
14207
12258
5563
991
11986
14151
9337
8646
7674
6516
2771
994
12992
8876
713
1682
12473
8041
8944
3363
5363
10767
6447
3945
5712
11530
3251
8651
13329
3730
10014
1194
943
14662
6403
3499
134
12663
1781
910
508
2310
1304
5981
104
4913
2560
3424
8046
1330
5489
4297
2138
11600
543
2548
4482
14570
9431
401
14969
1737
1974
14972
10962
12781
2704
9029
6618
11739
3507
9004
345
750
3789
11215
10609
6044
14380
8856
2712
9538
9517
7672
2547
6506
13654
8265
3356
12507
10208
8178
11758
3442
1119
13515
4333
1912
1772
8236
964
452
14421
1946
1721
8651
7435
4426
12907
4725
1460
14232
10359
11426
170
8090
12055
2284
5181
13320
10997
6470
8780
4503
2719
12110
11385
3831
995
4279
6286
3594
9572
1722
3954
3022
5733
5293
6432
1764
7806
6725
2458
1777
901
12681
2506
11965
11302
2438
7890
14835
7094
5586
2565
10856
5444
8779
7844
2200
1370
2336
9213
13765
6787
6779
5442
14793
6197
3581
1422
1198
13520
1122
13325
1291
8039
3687
8564
3602
7799
10393
2382
9736
7894
4839
961
9997
3239
2803
6169
10869
4138
9397
4435
3694
8824
11865
9517
5250
720
3882
7796
14119
140
12007
1149
5238
13200
1756
10136
2425
2003
11276
7090
10920
10134
7214
11514
878
6277
14078
6558
287
11772
14005
583
14516
7077
14299
11875
2195
5703
724
9089
969
2928
12849
850
353
7134
8897
12158
5746
12938
9063
3276
5019
14342
1550
2055
9266
9377
13042
13117
3478
536
13865
12737
9185
2039
12482
9348
1626
265
6100
3591
1146
14556
6594
1876
9878
8849
3509
1550
7692
13107
8811
10038
169
1533
2455
4095
11586
12528
3985
11708
3898
14413
840
11889
3540
2152
9821
3832
6049
5623
8393
13805
12563
4034
5569
9811
13019
8378
11457
9984
13048
14118
2815
9302
11010
7052
4858
13364
11078
12597
11203
7101
9274
1716
2026
4319
6308
9960
10804
2287
6702
5712
10683
5915
1556
11079
9343
8071
10489
9009
7764
10044
13951
14988
7755
11366
2613
1730
2222
14269
9406
8854
70
9127
10536
1780
375
12219
10802
3183
3231
12809
1329
3261
12979
3088
2349
53
3562
136
6736
2821
9382
13530
7655
2141
9784
1589
2627
2424
6635
3202
7818
2979
9276
2682
13418
13894
4608
6998
454
9716
447
790
3644
2022
12215
10478
3749
4420
2188
5623
479
12918
191
11458
11536
1104
1669
395
6900
12013
14881
6307
449
8525
10284
13261
1321
7210
12068
2046
14351
1023
14107
14455
9398
6770
2258
1380
11918
5588
14725
10906
3640
3430
14304
6829
3092
5886
1722
11575
12248
9938
137
104
8252
1988
5639
1962
5221
831
14260
14436
10631
9817
3643
7626
9774
8306
6665
11611
13670
2372
3987
6267
4641
11738
8920
9089
9937
1830
6032
1755
12527
13358
810
14169
8372
11199
5660
9944
6525
10957
7918
13225
5852
9610
7336
7497
5229
10685
13158
8433
13174
14924
3336
14280
1179
4021
9239
1368
2040
6689
11765
2622
2561
13226
7237
10686
4766
11935
9515
13967
10915
10974
13940
3915
3927
2393
11241
10786
5491
6756
6384
7791
1950
11341
14444
5355
4150
7477
1854
11544
14489
10622
11636
14232
10909
4286
13376
4896
9285
12379
9148
1391
7269
1359
2382
1228
13888
14263
14726
12583
720
5390
687
13149
6637
7127
7293
11034
953
2562
8588
13947
260
3430
11666
11706
404
12305
3422
10181
6128
14820
7048
4104
14276
10851
5762
1866
2119
10955
472
806
8115
1484
7340
11116
4533
2425
4645
2391
3262
3525
7121
4351
1913
7321
13425
10762
4310
10772
3492
9678
2382
11722
6782
667
1056
6440
5762
3447
123
11150
3934
1209
845
421
1774
3050
2516
6484
3108
11633
8715
10638
10366
5518
9895
1910
4560
2185
13467
270
1100
7972
4720
10188
7463
11398
8769
1142
8221
569
2294
399
4416
2375
815
4682
6885
14529
9819
9263
7064
10495
921
4660
10394
1655
4776
8686
10495
2359
14146
4104
1221
1093
470
7498
3745
12754
1774
11766
9212
2586
8142
6127
3999
3488
9199
9467
4194
14807
1330
9827
4211
1851
5528
2912
11205
13417
2242
6544
9967
5501
11357
7137
2991
9291
9312
10038
9134
13488
1473
11143
8430
14225
13996
3702
3073
14332
909
8231
13220
126
11521
183
7788
5868
1384
11505
1496
13446
2566
6789
10023
1425
7146
7490
8011
2029
8278
14365
9374
2950
6928
12595
8035
12734
14608
10363
345
14219
9059
3759
12107
3172
7751
8676
14348
1618
9377
11504
11889
10829
1675
5364
13255
13
4530
1539
6503
5754
12287
1682
9055
1630
7548
8767
4348
14577
4313
758
2292
13597
3799
12090
11464
8619
7502
11594
3754
7165
3594
11069
7171
8870
619
622
8336
9511
7493
7219
6158
5596
8612
12826
8315
9006
404
29
11151
9898
337
11945
4244
12978
1250
14753
13290
4818
12836
2632
14182
14477
9628
13847
9051
5089
28
2787
3945
10465
2058
7954
14357
8130
7413
3816
2834
13464
4074
8309
3623
825
10022
2850
9304
11242
11805
14836
9817
7105
6474
11823
1584
5587
11807
9510
11707
686
5655
26
378
11786
2451
8730
14878
4684
3434
5306
7138
11219
4172
11559
1633
10934
7529
9809
1120
6797
14053
13682
11902
7264
3487
7678
12993
3125
3731
6523
706
14382
1140
1844
172
9681
2166
12784
6192
8034
2075
14824
7997
782
14516
13217
4215
10249
13210
14335
14957
1955
10861
1427
5631
6295
9069
10046
13216
2020
7199
8838
9080
3039
8011
1224
12478
1496
7900
3847
1468
4636
5551
2307
11026
11803
7656
5518
12864
13547
14233
4275
7782
13557
6059
14232
13487
14414
762
13950
909
1104
11053
14734
1254
1042
11844
9718
6456
4638
11157
7741
5265
10698
2271
2867
2386
1225
10416
2252
8236
9282
5653
10958
8716
11809
12753
8745
9875
517
11768
14055
12505
8202
14563
12444
4115
13687
14406
1824
9578
14347
1640
13010
12375
1108
4692
3487
8780
11592
5590
9932
684
7359
14879
12048
6885
4753
13
8173
1669
13788
9333
4665
4979
10576
1810
2295
8712
1023
11514
14444
5397
3695
23
11991
3446
7738
3155
8560
12992
3280
240
8861
4183
2435
2207
5384
1963
5491
648
3981
4900
6019
6897
3027
11387
4484
12306
7336
3019
14008
176
818
3008
1354
11784
10276
14895
11676
13663
7117
5582
10033
11864
10367
13477
10612
5285
679
9702
13265
2273
6424
2528
9290
2486
2725
330
7853
4835
12175
4710
1124
1448
2667
4284
11060
7836
2248
8993
9923
1263
5599
8191
7891
532
14572
9167
3908
6881
588
14164
9073
9634
6247
1674
14362
11474
2520
1487
5370
7452
14675
13384
1762
2042
5279
2712
2149
13363
13316
13244
1997
1658
10086
5234
10726
8981
2082
4316
4626
9883
4640
4423
10589
2817
754
14689
3441
14895
6348
1778
12861
13646
10957
5034
10065
6021
7421
6252
2326
53
9911
13777
8867
13441
1833
14976
779
1986
5065
8916
5981
4530
9234
3398
2244
5111
12736
12549
6257
5595
9480
6972
3445
11177
932
5883
8859
10338
1966
2248
8821
12794
1722
1951
7414
2020
13432
687
13120
8061
8946
14888
13175
6719
3715
2322
14606
1308
14313
13695
2912
2079
2901
8916
14146
6541
6073
3547
2415
11529
8657
10285
2235
745
14460
11054
9805
3459
956
1721
12886
11684
12405
5543
2319
1930
7067
12434
8307
4400
12559
726
8800
738
1699
4466
980
506
7803
3107
12525
1786
10183
11562
13233
9571
5398
2999
11351
13942
14045
7974
3046
6608
2913
2193
2581
10763
2377
3822
14579
12187
11639
3706
10224
4246
11137
6558
1635
7040
9107
3802
1893
2885
3871
7287
13613
8136
2296
4929
4350
14236
8050
10420
14934
5321
1734
2542
2969
13938
1214
14350
9718
2900
5676
11324
5471
7001
3351
8673
5559
1614
1760
14032
14671
14490
1690
14749
1937
7344
1169
10916
10849
7998
10196
5045
9952
6279
7854
13455
3315
12294
945
7963
13388
14580
884
2499
14279
9684
654
2602
8872
11205
3027
14661
7531
5848
3016
1779
13435
4067
10129
9193
3271
4004
2347
6681
5099
2210
2350
14259
1595
11792
12419
1380
2549
5699
11199
7543
2831
8631
9998
5682
1686
6525
3964
10714
13057
4632
4096
3985
5101
13912
12242
14919
7098
1150
1542
7934
7438
1809
1257
8443
7769
5744
13355
12402
9761
1233
6582
14233
14831
2530
5206
3559
10785
9790
11650
6910
13049
8098
6354
6360
10062
11224
12129
10182
13185
684
3925
2494
4635
5277
2701
14189
8245
13118
8346
9371
5952
8198
11320
1735
2127
725
815
10195
2481
11416
1422
2130
1291
854
10855
8366
6510
12387
9905
9534
14908
6205
1353
9592
7185
4318
6994
13844
1416
4698
7160
3946
12115
11273
9655
14451
3551
9375
14929
2326
13687
1626
175
7180
10784
2627
3303
13318
10469
14217
8
3920
9323
4738
4250
14005
6184
6604
11545
4445
1584
6923
6972
556
6536
9948
7384
7637
9919
12529
13595
8303
1913
8309
12526
2566
438
1571
1810
2301
794
7802
2366
1747
5471
12892
3751
13820
560
14079
12018
7194
10574
3587
1830
10251
1409
4677
14102
1780
727
14355
10269
10950
4737
1929
7418
13488
1150
9884
14662
8021
2479
2965
5164
48
1070
1856
5633
5437
6537
14654
2332
754
3891
10832
5959
13550
13988
14653
4886
2064
9687
6373
280
2475
13101
8382
12052
11536
1337
2655
8718
2653
7276
3804
3146
1085
5825
1249
311
10800
11475
14978
12968
181
14021
10459
12687
357
1059
2803
843
2297
7496
5759
14132
4559
5247
68
4116
10232
12021
7860
12080
9990
10839
9845
7079
1284
8656
10270
2306
2398
10566
13203
4357
5228
14366
11083
8285
7816
3844
1329
2403
13752
13528
14272
1432
6032
2781
890
625
13328
1748
8058
11420
1598
8353
2657
10987
8997
4932
6006
12386
1566
1298
1753
11796
342
8077
4746
8666
1920
12561
13397
12182
14628
11376
8793
12501
10201
5145
11258
11315
10430
11045
11467
1356
4591
8370
12543
7152
2270
11467
10130
2118
7417
12295
13484
532
6363
4753
10302
11614
4205
3561
3680
14893
10053
14385
1322
11226
6447
1842
2546
10251
14148
6351
10885
3373
7697
42
10777
9412
10545
14831
9970
11014
11837
14478
523
5142
1595
10980
12264
2320
1749
6028
586
5736
14316
4041
6211
4976
236
5208
7099
11985
13481
8324
7001
14138
14115
4818
7901
14863
8494
2502
10206
3227
13332
4365
2040
7922
6271
7021
12496
3920
9946
11978
3491
13702
14168
9354
6236
7454
7575
1483
14836
2093
6590
7371
87
14952
3661
280
429
3858
7179
3946
102
8085
12646
4078
2097
12727
2014
12356
214
887
12499
723
11579
8808
5521
243
8220
10309
4481
899
5575
2709
14634
9812
3839
13994
8927
5774
3606
11076
2362
610
113
4019
2137
10799
14567
6669
2913
10681
2522
10101
3657
3247
4465
1557
11216
9147
14645
2061
6353
14824
3938
10924
11861
3951
1536
9614
818
2314
2491
3918
13963
4853
9744
4638
9175
2314
9290
10654
7751
9908
3875
11385
3210
2294
13270
14550
6020
9420
341
869
831
5226
5518
3152
13287
2308
6044
14804
5781
3214
2035
13576
1596
13789
6387
8190
2208
12005
10377
13839
3936
9397
11619
8668
4801
6208
618
12570
9397
13629
5261
2838
3867
11369
9643
4601
4785
8851
13649
14965
6344
11849
4229
9497
14575
977
2554
330
7994
12786
12910
6411
14108
5492
5448
11053
4307
6701
10637
14730
4971
13558
2244
10407
8030
10885
9913
433
7458
9532
7992
10137
7811
2730
5339
458
3603
6425
3645
5818
13303
11472
12935
12344
7300
985
178
6749
4226
549
13423
11166
6063
12975
5948
3961
5359
1471
13128
2901
3803
6216
2297
14999
1567
9899
14827
186
9081
7125
2411
2895
11518
2175
3541
6102
7
5117
747
9676
14829
4593
12807
5269
5152
4328
2219
8523
6742
9189
2591
4751
11546
3285
8211
1640
4539
8531
894
13970
11104
1517
3422
3369
1032
7375
11552
1478
118
6342
2210
12857
11932
9575
4127
4224
12183
7049
955
3758
6380
14632
3647
11983
4274
8804
4200
1787
1968
8866
3779
5890
13928
9489
204
14759
8548
4080
1991
4984
2983
5101
1974
11724
2432
233
6989
10702
13491
2018
7706
13969
9016
2297
4304
7157
5800
10054
9382
7345
14101
13976
14156
10513
3737
2913
13102
8690
4618
3202
9156
11923
884
8283
2568
4119
1000
741
9201
3936
10108
6563
376
8638
12170
1206
7378
1088
6870
761
9694
4322
10570
7533
4735
3431
14180
7878
4811
4193
7034
2949
13845
6392
7493
11454
11640
2519
11156
11501
5077
9181
2762
7765
4223
14114
2211
8753
1653
8384
7387
13871
4496
1669
8247
11041
9197
14566
4760
6382
8685
7709
10205
12129
12827
12974
11712
12704
2494
1279
11429
12351
10432
2182
10806
8614
12925
14159
6050
161
4112
6374
6951
4310
10499
5210
10085
8836
4958
1019
5749
714
426
13086
10778
2382
9374
2814
6071
8264
2481
8228
11426
9893
14817
7474
1591
9088
1980
7173
1143
3486
4317
14482
14322
8456
14001
8178
2347
5319
11474
6993
6044
3539
323
11043
12018
10412
10494
2543
561
14653
4611
2001
1299
9094
8753
8387
11629
6145
9234
14499
5491
12383
2258
14851
5189
9132
9184
677
14610
6024
10864
14941
9236
39
12088
12476
9964
11292
2466
354
4871
13769
7010
1940
2280
10522
7032
1502
6057
12659
13728
1050
10941
10574
7200
8418
5472
1146
889
10754
3688
3784
58
5578
845
14616
9017
7386
11200
2924
12003
12695
5080
7795
12927
9261
10610
4809
950
11661
5778
11252
781
2450
11581
4610
11606
14910
11945
10218
236
562
13551
2032
9718
5638
8320
12581
2294
11485
5622
6045
2858
9269
1964
14827
12962
357
11377
5419
10003
13032
2552
5998
1907
8962
8115
14411
4982
1776
11618
7355
10073
197
407
14798
5941
3417
11036
3997
14918
4588
1975
4224
2517
11341
10996
2177
66
2956
211
6416
2958
14734
5604
7416
12664
7722
9024
2193
10566
5791
658
6711
6759
1089
6006
10644
2399
9932
297
2610
11082
13920
8474
1092
12204
2894
6270
9141
7849
1033
10522
9696
88
5216
8853
5241
14805
6043
6099
3540
4799
1988
2162
4422
10079
8153
3718
9800
8195
527
12104
6915
9026
6345
9951
1416
4113
10009
2653
6463
12269
6597
1797
9987
2097
1182
9843
1195
14130
8109
1677
1868
6161
11423
6152
8606
14938
2635
1919
14260
8939
497
1615
4088
10414
13902
1782
30
10242
6485
13094
4103
6639
2904
9604
9849
9497
5359
14118
3445
12095
5511
8637
3426
4100
8407
2351
1064
822
13192
10063
12151
14509
5003
1457
2753
1494
2735
7656
9061
10256
12147
10779
701
7159
12312
14520
10210
8768
6499
13079
8839
12508
10018
1475
4524
9568
1045
7404
2812
2875
13655
12616
11665
2986
1924
107
14054
3633
9701
11269
11772
10859
8378
13587
12417
2380
11824
13200
11527
5125
6611
6125
1745
12064
270
14159
14843
4484
1232
14353
14082
13595
1961
657
1594
9490
4629
11815
14511
13321
2992
2931
14261
4723
2051
13022
11324
3744
13614
10077
390
10289
11495
11281
9675
9812
11777
9506
1360
12809
10817
6469
14323
10060
13989
275
3026
4573
11350
6684
932
2164
3743
7964
12687
11560
1062
3053
8708
7273
8963
1197
1225
9716
742
4034
2661
7152
766
11411
9953
11703
1511
3416
4429
10007
7492
11405
8185
826
10270
7819
1037
9659
12195
10535
13810
13745
4866
4575
12843
1880
14862
12082
10750
4830
6665
1800
11648
13372
7563
1010
11032
12062
12747
9555
12282
6293
2629
8991
2127
14578
11133
9178
12298
12117
6531
14821
2222
8464
8408
8180
5679
11597
12408
2635
11823
11863
10903
1155
10098
12880
14905
11056
12835
6822
9981
13941
9440
9123
6969
1825
14436
357
4172
12723
3100
11508
4040
11076
348
8867
7655
8085
1690
5576
12336
12769
1826
9711
5585
10604
14620
7435
5167
4308
9740
2118
7460
9254
9449
3828
7184
940
3600
5267
1179
6270
1577
12150
2722
102
11210
1843
5136
6505
10722
320
3327
2939
14817
4309
1631
8346
14343
6686
10902
4606
10650
7824
2688
11175
2300
8086
657
14519
8171
6308
12201
633
12314
11252
1376
1547
12897
13551
11098
9280
145
2455
13164
217
1075
5330
10984
2277
14305
4865
1533
4102
10605
850
14731
11775
4968
5235
8877
5218
14534
13056
3311
790
1344
8374
2818
7298
9097
5585
118
6947
3774
8723
14808
3916
13088
11182
13844
6686
1532
4092
6125
5493
9708
4077
10370
12286
5343
5425
10739
11774
14135
12750
4373
341
3914
5428
10665
10323
11331
14343
14492
7505
4641
5989
10859
14427
4568
9009
6437
5556
2262
14375
1685
4250
13129
11353
7952
4172
8832
2233
2548
14002
11791
7439
10738
884
7255
12214
9245
4670
11717
14426
13075
7578
7226
4005
788
454
8131
7458
6544
9799
6953
305
7094
2462
12171
8029
11843
290
9523
1050
7479
11727
2383
139
6550
949
2281
13651
6989
4396
7441
1938
12980
6254
10225
9338
9779
1245
4225
3915
12440
24
12508
3828
8104
4456
12666
3730
6899
10423
7952
158
14421
5851
11925
12602
6978
14919
6887
12012
2506
172
6285
9487
5110
14550
6550
11982
9354
9361
5594
2266
8419
10998
4511
8078
10642
6176
6583
9049
14537
14052
1639
5723
830
13360
427
10316
982
7947
416
2457
9044
12142
8867
13416
11394
7641
10561
13743
6206
12905
11118
4600
12569
14417
3833
2472
8045
5806
5952
8312
12197
2584
12320
8498
12105
11245
12336
10272
3009
8808
1430
6962
12258
9834
8634
8807
1479
5400
834
9318
9442
13294
6973
581
11235
8905
14492
4849
8288
8147
638
7351
2806
12123
5411
7123
3286
7579
13859
5967
1300
974
2168
3695
12444
553
9633
9474
4878
12394
12929
1291
7268
7486
7704
14769
9553
10551
4719
2635
1220
10774
6105
736
10852
7397
3312
2590
6823
8745
14574
9633
118
12614
158
407
6771
14379
3210
5738
8286
9583
8318
9598
13604
11291
149
8763
8146
11834
5266
8908
14632
4040
650
4537
1849
3367
10408
1011
7033
13903
1888
1702
4752
3286
3304
1668
3119
7470
14612
6655
10496
10391
10994
11526
6475
12757
2285
13436
1966
4931
29
6334
10421
2679
9863
8564
9027
9152
14225
13617
11183
5526
1041
10182
3746
10017
7030
1004
703
12068
8615
553
252
4635
859
7252
11313
1011
1617
7324
8687
6177
14889
12695
658
3133
3242
3591
2714
3568
4813
14529
2871
14932
105
7976
7203
6756
10441
3760
3916
5420
5595
1191
11161
14594
2571
14305
8189
14028
1783
1539
7538
4372
9940
5895
14825
11226
345
4666
8727
1824
8666
7451
3641
684
520
566
5715
3849
6855
2631
4557
13623
6528
1602
1248
14476
11696
10330
120
2027
14257
2625
6010
12476
14495
1728
1503
10556
5262
3343
8905
9359
13730
3975
7446
2955
3254
3862
8667
1871
1577
971
9067
5011
2454
6858
6168
14882
8556
8098
8689
6301
7806
11397
381
10378
1546
568
7222
13037
1519
4373
13345
8005
2163
5813
2342
4163
13179
817
11467
10558
824
1714
5758
2307
550
14695
3762
1643
9917
13264
8961
9228
12333
14641
9651
2125
6606
10681
3150
8356
8870
6779
8703
6523
10343
14260
8792
8339
1928
2583
5010
1039
10562
685
3117
3236
1982
2121
11197
11983
11765
1067
103
13192
12272
8411
4917
14765
6097
449
2326
2282
11506
13322
9890
13368
6093
11269
10204
12291
5035
14583
7289
9673
13209
11060
14808
3840
2359
415
11130
7822
13763
14636
13692
6655
10958
7500
12763
13435
661
609
7967
1662
2611
498
2843
3924
14220
11145
14092
5604
333
13210
11247
6980
395
11671
13064
13470
11818
6291
7777
8009
327
6683
3176
6395
11255
12668
796
13502
153
2016
5161
584
12041
8539
1753
13272
3214
3309
374
2245
6255
11361
1389
5409
2970
5398
13597
7022
3325
1267
3609
13320
10089
3344
7714
9731
14395
1178
9881
30
8644
3416
1939
2521
9180
14716
141
5114
1314
9540
11378
12886
6831
1202
5475
2103
13229
11312
11222
2705
8218
12832
14355
6457
4825
339
571
9528
11674
1800
12441
6708
9424
3135
437
7647
1244
3967
8711
8389
7672
2269
11305
352
3391
333
10056
12830
2683
302
3164
14270
2895
6674
2302
12054
14367
10739
11882
2496
7756
4804
6389
12455
7228
10158
2432
1061
14353
6034
8030
3958
6192
7975
2298
1938
10630
5628
2709
1358
6526
11144
4055
8781
1590
5520
12459
6670
1155
13273
7496
2590
12369
13663
13964
2583
1008
3053
5412
9560
8619
3862
1386
9079
2226
12099
10607
1556
6075
8229
14265
616
5237
9966
13166
14383
14133
8603
11929
11561
13453
13485
10132
12607
13073
8353
2359
9868
13931
10508
968
6562
8058
7434
13628
1239
4807
6361
7653
5895
5088
12482
1581
4924
4672
784
14409
4226
13190
10588
2769
12144
2133
343
9383
893
8029
10889
5326
13479
615
9099
7565
3258
11751
7168
2324
3782
13253
10905
9502
2186
860
14233
12536
13832
975
2197
9105
313
9256
5945
11362
5762
7819
7399
16
9103
459
5953
408
10047
2659
7753
6610
14688
11608
2750
6601
5821
4493
458
1858
11509
12183
835
11571
3286
666
1231
982
2417
8427
2347
14582
7224
10888
13324
9208
2205
6956
10799
2870
5365
8112
5519
11920
10365
7374
3142
6612
91
8512
2638
5600
14952
2913
2839
845
8925
553
14492
5639
5860
4095
11201
5322
7728
2090
1912
1007
10176
1409
5348
10071
4920
8700
6565
13647
1952
12162
12734
1300
6256
11204
5179
5713
9684
7506
8375
1311
549
1124
13173
1621
9809
8556
10957
808
13172
10234
4305
1868
6839
3840
11560
12092
5592
13672
5179
12654
585
11378
2959
9562
1445
4914
13170
7357
648
8250
10465
7713
13191
6548
9121
1039
3441
866
8261
5448
11380
14505
5072
7888
9330
6571
10131
36
9493
3188
13001
6678
6249
1032
6216
5158
14177
11739
6819
3099
14405
10265
1942
818
10506
11279
7074
2254
12546
6217
1266
5745
14334
8838
12828
8106
12562
12521
492
13800
10128
2161
1790
8094
2239
2731
1411
11799
436
12454
1453
147
4754
2039
9374
14115
847
5150
8582
9962
2391
12633
9628
13692
6484
11384
14079
12899
9758
2441
813
1536
696
6413
11195
1687
6859
914
13414
2526
12599
12050
14754
2583
1575
1588
12529
3187
4492
10514
8086
1266
4853
13203
8970
73
14206
1745
3215
7819
7454
9917
5764
10723
1325
14290
8216
4648
30
12319
4138
330
505
12505
56
7428
3060
10297
446
6339
11419
8401
7914
678
2358
11613
14190
8927
7498
10968
9750
10825
10498
4132
13754
1025
11304
7278
9973
1042
14446
9817
8695
836
13154
4474
280
8580
2946
12916
13671
8434
8532
4061
12746
14583
2873
4384
8382
13086
12130
9853
10
6749
1515
7102
11927
4203
2384
14387
8706
12876
582
1344
8701
11315
6475
5597
3466
14575
8280
5958
3714
7593
4125
2492
11846
12309
12678
13637
1683
13639
6957
2879
13747
3368
6440
3675
8930
2505
12709
5535
14006
11263
5523
5436
4507
11672
13859
9962
5542
6357
6654
7608
6360
192
14496
4072
7901
5055
3598
6554
2429
466
11604
976
299
2562
10058
1531
2149
11970
10656
13164
10587
14723
3599
693
5739
1762
90
5873
4787
12277
13973
2808
10593
4166
9028
14464
3184
3662
5768
3153
996
3934
1550
2591
9656
5850
2160
1182
10470
1895
13223
10625
8815
14183
2985
6315
7987
234
1880
3082
1835
327
14452
7640
14668
2940
12874
13012
7855
6378
2636
9585
13192
972
14739
1549
10860
10465
850
13740
8750
2600
7109
10486
875
212
7402
7102
7812
2296
10638
8325
5204
908
2851
13247
2811
1497
9809
3276
1658
1626
427
13761
9632
2299
11043
9192
4141
4974
7544
13149
8349
3196
11471
4531
1838
13553
1112
5151
1582
8107
14699
2018
1303
14060
2243
3605
1284
3078
1073
10264
2225
14166
9212
7499
1365
5820
7263
13313
1547
890
6971
11186
14898
8819
6863
14296
1898
14055
14461
924
8328
2692
2096
12097
588
9462
13475
3289
4552
9178
6530
10968
2307
1703
1839
14910
11479
12071
2126
10920
8016
1061
9402
12457
14463
7862
764
11693
8597
11741
7801
2718
1892
490
9483
1875
14706
1435
14011
2477
13583
10086
11813
3828
12010
14349
12236
7938
1262
11539
6288
5470
3603
4046
8421
2171
2378
1973
351
3922
10137
1276
8098
11662
14312
3574
6518
14950
9891
10
13555
8640
3081
12113
641
8732
7092
6319
1572
4663
1274
1272
102
12401
3483
8045
5389
3369
1020
2127
12494
1863
9300
9731
2330
3946
9133
3967
14249
3067
14725
1020
7892
9850
14253
4828
9735
320
5130
14774
3166
7693
3578
1039
311
3066
7417
5363
8281
1921
7661
14789
5460
10612
11222
3819
8553
1900
4171
254
5650
13259
8449
13777
8885
7547
14277
2127
4438
11376
1587
10977
4811
236
13439
472
13891
11338
13589
11248
12313
3765
4381
2446
7206
11713
1697
12660
10365
146
441
13739
10627
700
14887
14464
6175
2699
12367
5089
326
4973
2585
4137
13146
11636
12626
6386
6443
12000
14231
7819
13782
972
9763
843
12622
13695
1635
2245
1912
3910
2697
2821
1548
